   a 1.5
   c 0.3 1.5
   d 0.3 -.5 1.5
   e 0.3 -.6 1.0 1.5
   f -.5 -.1-1.0 -.7 1.5
   g 0.7 0.2 0.7 0.5 -.6 1.5
   h -.1 -.1 0.4 0.4 -.1 -.2 1.5
   i 0.0 0.2 -.2 -.2 0.7 -.3 -.3 1.5
   k 0.0 -.6 0.3 0.3 -.7 -.1 0.1 -.2 1.5
   l -.1 -.8 -.5 -.3 1.2 -.5 -.2 0.8 -.3 1.5
   m 0.0 -.6 -.4 -.2 0.5 -.3 -.3 0.6 0.2 1.3 1.5
   n 0.2 -.3 0.7 0.5 -.5 0.4 0.5 -.3 0.4 -.4 -.3 1.5
   p 0.5 0.1 0.1 0.1 -.7 0.3 0.2 -.2 0.1 -.3 -.2 0.0 1.5
   q 0.2 -.6 0.7 0.7 -.8 0.2 0.7 -.3 0.4 -.1 0.0 0.4 0.3 1.5
   r -.3 -.3 0.0 0.0 -.5 -.3 0.5 -.3 0.8 -.4 0.2 0.1 0.3 0.4 1.5
   s 0.4 0.7 0.2 0.2 -.3 0.6 -.2 -.1 0.2 -.4 -.3 0.3 0.4 -.1 0.1 1.5
   t 0.4 0.2 0.2 0.2 -.3 0.4 -.1 0.2 0.2 -.1 0.0 0.2 0.3 -.1 -.1 0.3 1.5
   v 0.2 0.2 -.2 -.2 0.2 0.2 -.3 1.1 -.2 0.8 0.6 -.3 0.1 -.2 -.3 -.1 0.2 1.5
   w -.8-1.2-1.1-1.1 1.3-1.0 -.1 -.5 0.1 0.5 -.3 -.3 -.8 -.5 1.4 0.3 -.6 -.8 1.5
   y -.3 1.0 -.5 -.5 1.4 -.7 0.3 0.1 -.6 0.3 -.1 -.1 -.8 -.6 -.6 -.4 -.3 -.1 1.1 1.5
   u 0.0 0.0 0.0 0.0 0.0 0.0 0.0 0.0 0.0 0.0 0.0 0.0 0.0 0.0 0.0 0.0 0.0 0.0 0.0 0.0 0.0 
! this score matrix is copied from the program GAP of the GCG software package. 
! Reference: Risler, JL et. al. (1988) 
! Amino Acid Substitutions in Structurally Related Proteins
! A Pattern Recognition Approach
! Determination of a New and Efficient Scoring Matrix
! JMB, 204, 1019-1029. 
! Note that values of the above matrix elements are different from what in the reference. 
